PROGYMNASMATUM PRIMA PARS 107

⁰11 IN ANNIS SINGVLIS VSQVE AD VIGINTI

Anni Longit. D {1less- ⁷

Anomalia Μ. Latitudinis
Comple. T G Μ δ’ ’ ⁷⁷ ’ ’

G Μ 5⁷⁵5 G M ⁷s⁷

 

28 ’ 43 8
27 26 16
1 26 1 9 23
3 7 56 25
1 6 39 33
J 5 , 22 41
1 4 ³ 5 48 1
1 15 52 50

14 35 58

1 9 37 23 28 42 45
27 25 31
20 8 16

4 47

1 47 33

1 30 18

13 4

19 ’ 14 45
28 1 52 3 8
20 1 40 ἶ 57
o · 18 20
9 2 55 2 43
19 33 5
11 ⁴ 21 55
20 1 59 17

1
1⁰

4

9

2

8

1

6

1

1 4 9 35

9 52 20

2 35 6

10 , 14 ’ 3 ¹ 12 2 13 7 17 51

2 ’ 2 ’ 52 0

³ 11 40 3 15 5

21 17 2 37 0

, 0 55 ζ 0 3

³ 22 Ϊ 43 1 49 9

’ 2 1 21 ἵ 12 2

11 58 ’ 35 6

21 ’ 35 57 1
5

13 ’ 24 47

15

 

23 , 49 15 14 22
22 32 23 57 8
21 15 31 1 39 53
19 58 38 22 39
1 45 40 19 10
0 ’ 28 48 1 55
29 11 56 44 41
27 55 3 1 27 26
9 ’ 42 5 23 57

 

20 l

1

*fig
4 2
8 5
0 8
5 0
ο 3
2 6
6 9
1 0
3 3
8 0 Ἴ 36 ἵ 40 6 ’ 13 19 6
o 9
5 0
9 3
1 6
6 9
ο 1
3 4
7 6
1 9
4 1

 

25 ΙΝ MENSIBVS ANNI COMMVNIS

ζ 17 “ 54 47 1 15 0 52
1 29 1 15 15 20 50 2
17 10 2 5 50 55
22 53 , 23
10 48 11
16 31 32
4 ¹ 26 ἶ 2ο
22 1 21 1 7

Ὶ28 4128

1

2

3
7 47 53 4
22 48 45 6
24 45 43 7
9 , 46 35 9
24 f 47 27 11
26 44 26 0

mmwu--OQ-0
ΟῸΟΟΦΩΛιρωῌ

..ι

 

