113

†

15

ΌωκὶσὶυἱιβωΝ-Φ

PROGYMNASMATUM PRIMA PARS

 

 

 

0 Bor. Ι l Bor. 2 Bor.

6 Mer. 7 Mer. 8 Mer.
Latitudo Excessus Latitudo Excessus Latimdo Excessus
c. M s M s G Μ’ ss M ’ἑ c, ’Μ ε’ἡ Μ δ’
0 0 0 o 0 2 29 6 9 28 4 18 26 16 25
o ³ 5 13 0 2ο 2 33 36 9 45 4 20 59 16 35
ο 10 25 0 40 2 38 3 10 2 4 23 28 16 45
0 15 36 0 59 2 42 26 10 18 4 25 53 16 55
0 20 47 1 19 2 46 46 10 35 4 28 13 17 4
0 25 58 1 39 2 51 4 10 51 4 30 28 17 12
ο 31 9 1 59 2 55 19 11 7 4 32 38 17 20
0 ,¹ 36 . 19 2 19 2 59 30 11 23 4 34 43 17 28
o χ 41 29 2 38 3 3 38 11 39 4 36 43 17 36
0 1 46 38 2 57 3 7 43 11 55 4 38 38 17 43
0 51 46 3 17 3 11 44 12 11 4 40 27 17 51
o , 56 e. 53 3 36 3 15 42 12 26 4 42 11 17 58
13 1159x 3 55 3 19 36 12 41 4 43 50 18 5
1 ἶ 7 4 4 15 3 23 26 12 56 4 45 23 18 12
1 4 12 8 4 34 3 27 13 13 10 4 46 52 18 18
1 ν 17 10 4 53 3 30 56 13 24 4 48 18 18 23
1 ε 22 11 5 13 3 34 35 13 38 4 49 35 18 27
1 3 27 ' 10 5 32 3 38 10 13 52 4 50 49 18 31
1 32 8 5 51 3 41 42 14 5 4 51 58 18 34
1 , 37 1 4 6 10 3 45 7 14 18 4 53 0 18 38
1 ; 41 · 58 6 29 3 48 30 14 31 4 53 57 18 42
1 , 46 , 51 6 47 3 51 52 14 44 4 54 49 18 45
1 · 51 ¹ 41 7 6 3 55 9 14 57 4 55 36 18 48
1²56 30 7 24 3 58 19 15 9 4 56 17 18 51
2 ⁴ 1 17 7 42 4 1 23 15 21 4 56 52 18 53
2 ’ 6 1 8 0 4 4 24 15 32 4 57 22 18 55
2 Ξ 10 43 8 18 4 7 21 15 43 4 57 46 18 56
2 15 23 8 35 4 10 15 15 54 4 58 5 18 57
2 ὲ 20 0 8 53 4 13 5 16 5 4 58 18 18 58
2 24 34 9 11 4 15 49 16 15 4 58 26 18 59
2 29 6 9 28 4 18 26 16 25 4 58 30 19 o

ll Mer. 10 Mer. 9 Mer.

5 Bor. 4 Bor. 3 Bor.

 

 

 

 

125

vzzzoexzzzaezaeffiffioeffioez’ffiaeoeg

OflqutbQONloe

DE

