p153T'EQC)PJ(31v11293 1195331411J1e185r243

Annie Longit j) a Θ Anomali 1a M Lati rudi 1in 1s
S G M

     
         

 

          
      

   

   

 

S

  

 

 

 

 

 

 

 

1 1

4 0 , 6
1642 8 15 21 3 32 1 2 17 20 1 11
1643 0 24 58 54 4 16 3 ’ 9 4
1644 5 16 ἕ 47 ¹ 44 7 Ἰ 27 50 10 10
1645 9 26 25 ’ 6 10 ξ 26 33 18 3 ⁴
1646 2 6 2 29 1 25 ἦ 16 : 26 8
1647 6 15 39 52 4 2 23 ¹ 59 = 34 1
1648 11 7 28 , 41 8 5 46 35 6 i
1649 3 17 6 ς 4 11 4 1 29 ’ 43 11
1650 7 1 26 ἰ 43 ; 26 2 3 ‘ 12 ' 51 4 ᾗ
1651 0 ⁴ 6 20 49 5 ¹ 1 ¹ 55 59 9 ¹
1652 4 28 9 3 38 8 13 ¹ 43 ’ 0 2
1653 9 7 47 ’ 1 11 12 f 26 ’ 8 7
1654 1 17 1 24 3 24 2 11 9 16 0
1655 5 27 1 46 5 9 ¹ 52 24 5
1656 10 18 50 ¹ 35 8 21 ’ 39 ’ 25 11

2 ’ 1 ’ 4

7 2 8

1 1

4 7

  

10

15

