10

15

20

25

35

GRAD.

mleQssth-‘O

(ὅὲἓὲὲῗὲἃέδῧὲἓῧᾶἓὸῧῑῦῧίὃο

10·

PROGYMNASMATUM PRIMA PARS

QVAE HOC AEVO EST PART. 23. MINVT. 315.

Differ.

P.

270
271
272
273
274
275
276
277
278
279
280
281
283
284
285
286
287
288
289
290
291
292
293
294
295
296
298
299
300
301
302

 

 

J

Ο
5
10
16
21

’27“
,32

37
42
48
53
58

3

8
12
1 7
22
26
30
35
39
43
46
50
54
57

0

3

6

9 1,

11

Τ
O
27
53
18
42
5
25 ¹
42
56 1
6
12
13
9
1
47 ¹
27
1 «
28 J
48
1
6
4 1
53
34
6
29
42

»νυν
uw

ii Differ.

><

’ Differ

75

»2 4‘ GRAD.

 

 

45 ¹3 62

³²³“62¹

 

 

Ι2οῌ
153,

l

65
65
65
65
65
65
65

165
165

65
65

’64

64

{64

64
64

ι 64

64
64

’. 64

63
63
63
63
63
63
63

621

 

÷ 11

27
26
25
24
23
20
1 7
14
10

6

1
56
52
46
40
34
27
20
13

5
58
49
41
32
23
13

3
53
42
33

Ρ.

302
303
304
305
306
307
308
309
310
31 1
312
313
314
315

316 ,

317
318
319
320
321
322
323
324
325
326
327
328
329
330
331
332

 

11

1 6
1 8
20
22
23
24

261

27
27
28
28
29
29

28¹

28

’28;

27

26ι

25
24
23
21
19
17
15
13
11

8

6

,48160

160
6ο’
Ι6ο
*59

 

»1

ξ53 ,1
14

161
2ςί1
321
241
⁵5
35,
54}
3
1s

24
49
2,
5
57 ’
38
81
28
38
37
25 =
3
31 11

49 ’ἶ
57 ’1
55
44

 

24

62
62
61
61
61
61
61

(60

60

159
159
591
59³
;58
’58

58
58

,58
58
157
ς57

57

’57

55
18

57

62’

23
13

3
52
41
’ 30
² 19

9
58
47
36
3 25
13

3
52
41
30
20
10
59
¹ 48
38
28
18

8
58
49
40
31
3 23

 

Ρ.ν

332
333

334 '

334
335

337

338 ¹

339
340
341
342
343
344
345
346
347

348 ,

348

349 1,
148 58

350
351
352
353
354
355

356 ,
, 14 56
358 3 ¹

357

359

360 ’

 

618
331

51 3
47Ὶ37
441 4
4ο 23
36 36
32 43

28144
’24 39¹
20 28¹

16‘12
1151

7125
2154
5819
§3³40

44,13

Ι39ξ25
34‘35¹

29 43

24 49,

19,53

 

ί158
4 59
0} 0

0 36ἒ
57”3311
Ὶ5422
336

56γ 7
5611
55155
¹55549
,155 44
’155 39
¹ss55}3‹4
155129
155125
{55J21
155ἷ18
155ἷ15
{5512
55210
5518
Ἰ55
55
55
Ἰ55
55
55

-ῌΝωυδὶθ

ooxlomazwm—-O

-0

10
11
12
13
14
15
16
17
18
19
20
21
22
23
24
25
26
27
28
29
30

ΑΝΝΟΤΑΤΙΟ

