PROGYMNASMATUM PRIMA PARS 109

013
MEDII MOTVS LVNAE
IN DIEBVS
Longit. D a Θ Anornalia Μ. Latitudinis

ῑὲἡέῖῗ ’Μή ἑ s G M '⁷ s s c. M s

5 12 4 26 17 20 5 6 46 47 5 8 45 8
13 5 8 28 47 5 19 50 41 5 21 58 54

14 5 20 40 14 6 2 54 35 6 5 12 39

15 6 2 51 40 6 15 58 29 6 18 26 2)

16 6 15 3 7 6 29 2 23 7 1 40 11

ιο 17 6 Ἴ 27 , 14 34 7 12 6 17 7 14 53 36
18 7 9 ’ 26 o 7 25 10 11 7 28 7 42

19 7 21 37 ¹ 27 8 8 14 5 8 11 21 28

20 8 3 48 54 8 21 17 59 8 24 35 13

21 8 16 0 ’ 21 9 4 21 53 9 7 49 59

15 22 8 28 11 47 9 17 25 47 9 21 2 44
23 9 10 23 1 14 10 O 29 41 10 4 16 30

24 9 22 34 41 10 13 33 35 10 lt 30 16

25 10 4 · 46 7 lo 26 37 28 11 Ο 44 1

26 10 16 57 34 11 9 41 22 11 13 57 47

20 27 10 29 9 1 11 22 45 16 11 27 11 33
28 11 11 20 27 Ο 5 49 10 O 10 25 18

29 11 23 31 54 0 18 53 4 0 23 39 4

30 Ο 5 43 21 1 1Δ 56 58 1 6 52 50

31 0 17 54 47 1 15 Ο 52 1 20 6 35

MEDII

