104 8153]?IQC)19<31»11293 119137r111J11145r143

131><)(:}{143 1v113131<31exsha 1v1()]rxsxrna 135714143

IN ANNIS EXPANSIS
Longit. (ζ a O Anomalia M. Latitudinis
γῆς, 7γῖῙῇῗῖ :Sq- ἶ >—> G ἶῆλῖη, S ⁷ vS G M S
15 g 52 26 20 ¹ 47 30 9 Ἰ 28 Ῑ 23 6
25 ¹ 29 49 19 1 30 38 2 1 27 ἓ 5 z 52
5 ; 7 11 18 13 46 7 J 25 1 48 37
2 14 1 44 34 16 1 56 54 0 24 31 23
1 6 ³ 33 24 28 ὲ 43 56 6 ¹ 27 54
16 ¹ 10 47 27 , 27 1 3 1 10 ζ 39
25 48 9 26 10 11 ’ 53 , 25
5 25 32 24 53 19 36 10
27 14 21 6 ’ 4ο 2ο 1 32 1 41
6 51 44 5 23 28 j 15 ³ 27
1 58 12
1 40 58
37 , 29
, 2ο 14
ἶ 3 ο
2 45 45
42 16

 

 

“²1

1
4
9
2
7
16 29 7 4 ¹ 6 36 0
26 · 6 29 2 1 49 44 5
17 55 19 14 1 36 45 o
27 32 41 13 19 53 3
7 1 10 4 12 3 1 8
16 , 47 27 10 46 ‚ 9 1

8 36 16 22 ’ 33 1 10 7 ἵ
18 13 39 21 1 16 18 1
4
9
3
8
1
6
1
4
9
2
7
0

 

27 51 1 19 ἶ 59 ’ 26

 

7 , 28 24 18 1 42 34
29 17 13 0 ’ 29 ’ 35
8 1 54 36 29 12 43
18 1 31 59 27 55 ¹ 51
¹ 28 9 21 38 59
v 19 ἵ 58 1 11 1 26 1 ο
¹ 29 = 35 3 33 9 8
9 12 ἲ 56 2 52 ’ 16
18 50 ¹ 35 24

 

 

 

 

 

10 39 22 25
20 16 5 33

0
2
7
l
4
8
Ο
5
9
2
6
0
3
7
Ο
4
9
l
5
0
2
7
l
3
8
0
5
9
2
ὁ

 

