PROGYMNASMATUM PRIMA PARS lll

  

015

   

TABVLA PROSTHAPHAERESIVM LVNARIVM
0. SIGNVM

      

     
       
         
       
       
           
     
      

 

 

   

Vari
j er Α
5 G ¹ s 1 M 5 ’Μ
0 o 1 01 5 1 4 102900 1 00 38 0 9 43 30
1 ο 1 41 5 1 4 102899 1 38 38 0 43 9 29
2 0 ’ 101 81 5 1 4 102898 2 76 38 1 26 9 ἓ 28
3 0 151 12Ὶ 5 , 4 102896 2 114 38 2 8 9 42 27
ιο 4 o 20116 5 4 102894 3 152 38 2 50 9 42 26
5 0 25 201 5 3 102891 3 190 38 3 32 9 42 25
6 0 30 231 5 1 3 102888 1 4 228 37 4 14 9 42 24
7 o 35126Ὶ 5³ 2 102884 5 265 38 4 56 9 42 23
8 0 140128 5 3 l 102879 6 303 38 5 38 9 42 22
15 9 o 45 ³ 29 1 1 102873 341 6 20 21
10 0 50 , 30 ’1 ζ 41) 102867 ξ 379 ἐξ 7 2 g ἐξ 20
11 0 55 30 4 158 102860 7 417 37 7 44 9 42 19
12 1 0 28 4 157 102853 8 454 38 8 26 9 41 18
13 1 5 25Ὶ 4 56 102845 9 492 38 9 7 0 41 17
2⁰ 14 1 10 . 21 1 4 55 102836 19 530 38 9 48 9 41 16
15 1 15 1 16 4 54 102826 19 568 37 10 29 0 4¹ 15
16 1 20 10 , 4 , 53 102816 ll 605 38 11 , 10 9 41 14
17 1 25 3 4 {52 102805 42 643 37 11 51 .0 49 13
18 1 29 55 4 1 49 102793 12 680 38 12 31 9 49 12
2⁵ 19 1 34 44¹ 4 148 102781 13 718 37 13 11 9 49 11
2ο 1 39 - 32 4 46 102768 13 755 37 13 51 9 49 10
21 1 44 18 4 45 102755 44 792 38 14 31 9 39 9
22 1 49 3 4 44 102741 15 830 37 15 10 9 39 8
23 1 53 47, 4 ’ 49 102726 15 867 37 15 49 9 39 7
³0 24 1 58 Ι 29 4 39 102711 16 904 37 16 28 9 39 6
25 2 3· 8 4 36 102695 17 941 37 17 7 9 38 5
26 2 7 44 4 34 102678 18 978 37 17 45 9 38 4
27 2 12 ’ 18 102660 1015 18 23 9 38 3
28 2 16 ¹ 50 4 32 102642 ¹8 1052 ³⁷ 19 1 2
³5 29 2121 20 4 ³⁰ 102623 ¹9 1089 ³⁷ 19 38 ⁰ ³⁷ 1
30 2 , 25 1 47 ‘¹ ²⁷ 102604 ¹9 1125 3⁶ 20 15 ⁰ ³⁷ 0
- Adde 15111111111161 »ml Sub. Subtrahe Subtrahcl

   

TABVLA

 

