50 ASTRONOMIAE INSTAURATAE

    

PRAESVPPONENS ECCENTRICITATEM 3584. aut P. 2. l. 9
QVALIVM SEMIDIAMETER ECCENTRICI EST: 100000. aut Ρ. 5ο. s. o

           

 

 

     

 

 

 

 

 

3 Subt. 1³ Diff.A.S. 4 Subt. ἱ Diff. S. 5 Subt. Diff. S.
G. Ρ, 1 s} Ἴ Ρ Ρ. G.
0 2 3 9’ 1 ’48 135 1 ζ 3 Ῐ33 1 30 ⁵
l 2 = 3 13150 4 = 1 3 1 53
1 0 2 1 1 47 33 1 5 1 1 40 1 55 29
2 2 3ἶ 157 0 3 2 1 145 28 1 7 0 59 45 1 ⁴57 28
3 2 3 3 13 1 0 Ἴ 4 1 45 1 21 1 9 0 57 48 3 1 59 27
4 2 3 91 1 344 112 1 0 55 49 · 26
5 2 , 31 31,3 ’ ἓ 1 ,431 1 ¹} ³}ss 0 53 48 3} ¹ ἰ 25 ιο
5 2 2 ¹ 55 ὦ 0 10 1 41 Ῑ 47 1 7 16 o ἢ 51 ἶ 47 2 3 2 24
7 2 2ξ 45ΗΟ 12 1 40 31 l 117 0 γ49 ’45 2 j 2 23
8 2 1 21 33 0 14 1 ;39 14 *l 119 0 ἶ47 ;43 2 3 3 22
9 2 2 19 {0 ¹17 1 37 155 '1 ³20 ο 45 ,4ο 2 3 4 21
2 j 2γ 2110 19 1 ῚῚ35 135 11 122 ο 43 35 2 1 5 20 15
2 1 1 43 1 O 7 21 1 35 3 13 1 l Ι 24 ο 41 31 3 2 6 19
2 , 1 227,0 324 1 33, 49 2¹ 26 0 39 25 2 7 18
2 1 0 ¹58']O ¹26 1 32 123 1 129 o 37Ὶ 18 ³2 , 8 17
2 0 ³32 10 '28 1 330 [54 ‘l 331 o 535 110 *2 9 16
5⁵331‘÷0†³0}{⁹}³ 1³³³3³3¹ 2¹⁹ :i ²⁰
l 0 32 ⁷ ἒ ⁰ 1 34 13 1 ⁵² 2 ἰο
159 2 ³0 35 1 25γ 15 l 36 g 28 42 2 10 ἒξ
1 1 1
1 ’ἓξ ἐζ ⁰ ¹3⁷ 1 ’ἐς ’4ἓ '¹ ³⁷ 0 ΞΣ ἐξ ² ¹¹¹ 11
, 1 0 ‘39 ς 1 38 2 11
1 1 57 1 11 ¹ Ο 1 41 1 1 21 , 25 1 39 0 A 22 10 2 Ξ ll 10 2⁵
1 ³56 30 Ο 1 1 119 145 0 19 59 , 9
1 55 1 45 0 {g 1 1 18 ξ 5 ἰ 4¹ 0 17 47 Ξ ’ ἒξ 8
1 55 ¹ 0 Ο 48 1 ³ 15 1 22 l {g 0 , 15 35 2 Ἰ 13 7
1 54 12 0 51 1 14 35 l 43 0 13 22 2 13 5
1 53 21 0 53 1 12 = 48 l 49 o 11 9 2 1 ¹3 5 κο
1 52 “28 0 55 1 10 59 l 50 0 8 55 2 =l4 4
1 51 33 Ο 57 1 9 9 l 51 0 6 42 2 14 3
1 50 35 0 59 1 7 18 1 52 0 4 28 2 ,¹4 2
1 l 1 l 0 2 14 2 1
1 1 0 0 35
Δ -

   

TABVLA

61>

