PROGYMNASMATUM PRIMA PARS 47

IN ANNIS EXPANSIS IN ANNIS EXPANSIS
APOGAEI *⁷ ιζῖἶικᾶεῑῐτὺ9110315Π ‘2560ng ,YONCHUDINJS
P. S. P. Anni S. P. S. P.

58

     

 

        

 

 

 

    
      
   
   
 
   
     

    

5 54 45 21 4 26 21 45 9 21 21 4
55 30 20 50 7 22 30 9 21 6 45
56 15 20 35 47 23 15 9 20 52 25

Z mmmmm
ἓ
0

   

    

 

 

57 ,0 20 21 28 9 20 38 6
57 45 21 6 17 ’-
10 58 30 20 51 58 1
59 15 20 37 38
0 0 20 23 19 3
0 45 21 8 8 3
1 30 20 53 48 3
15 2 15 20 39 29 3
3 0 2ο 25 10 3
3 45 21 9 59 3
480 20 55 39 3
2 5,15 20 41 20
20 6, 0 20 27 0
6 45 21 11 50 1 0
7 30 20 57 30 2 1 30 1129 31 21
8 15 20 43 11 3 2 151129 17 2
90 2028514 3000151
2⁵ 9 45 21 13 40 5 3 45 1129 47 32
’10 30 ,2059 21 6 4 30 1129 33 12
11 15 20 45 2 7 5 15 1129 18 53
120 2030428 6000342
12 45 21 15 31 9 6
3ο 13 3ο 21 1 12 10 7
14 15 20 46 53 8
15 o 20 32 33 12 9

15 45
16 30
17 15

21 17 22
21 3 3
20 48 43
20 34 24

ὶ-ΙΙ-*β-ΙΗ
&mat-w

18 45 21 19 13

·-a
xl

0000100000000000000000101001000100501mu·0101uuu-
0000000000ὉΦὉὉὈὈῸῸῸὈὈὉΌὈὈΌΌΌῸῸὉῸὈῸὈῸ

’,Ξ
00000000000000000000
0000000000000000000

19 30 21 4 54 18
20 15 20 50 34 19
40 21 O 20 36 15 20

 

AEQVALIS

