109

15

25

PROGYMNASMATUM PRIMA PARS 93

ἑὲ ¹ nl 772³ ⁷ jz? za )<

H. ¹ Ns H. Μ. H. ⁷ M. H ’Μῖ ΓΜ

       

Anni

 

Anni

 

           

    

            

 

               
   
           
         
       
            
            
         
           
   
        
  

 

 

1 5 49 5 49 , 5 49 5 49 5 49 5 49 1
2 11 38 11 38 11 39 11 39 11 38 11 38 2
3 17 27 3 17 28 17 , 28 17 28 17 28 17 27 3
4 23 16 1 23 17 23 ¹ 18 23 ἵ 17 23 17 23 15 4
5 5 5 ¹ 5 6 ff 5 7 ¹ 5 7 5 6 5 4 5
6 10 54 ί 10 56 ἵ 10 ] 57 10 57 10 55 10 53 6
7 16 43 1 16 45 16 , 46 16 46 16 44 16 42 7
8 22 32 1 22 34 1 22 36 ᾗ 22 ζ 36 22 , 34 22 31 8
9 4 21 ξ 4 23 1 4 κ 25 4 ’ 25 4 23 4 2ο 9

-n
0
Η
0

10 Ῐ 10 13 1 10 14 10 14 1 10 12 10 9

2-
y..
0—-
U!
.-a
0

59 g 16 2 ᾖ 16 4 16 4 16 1 15 58
12 21 48 1 21 51 ¹ 21 2 53 21 53 21 ¹ 51 21 48
13 3 37 J 3 41 Ὗ 3 ¹ 43 3 43 3 4ο 3 36
14 9 25 , 9 3ο j 9 ¹ 32 9 32 9 29 9 25
15 15 14 ; 15 19 ¹ 15 ’ 22 ¹ 15 22 15 18 15 13
16 21 3 1 21 8 21 , 11 21 11 21 8 21 2
17 2 52 ³ 2 , 58 3 ¹ 1 3 1 2 57 2 51

1—au—n—-n—
-δλωΝῌ

 

»Afin—
§0401

18 8 41 χ 8 47 ’ 8 50 8 5ο 8 46 8 ’4ο

μ.
00

 

 

 

19 14 30 Ν 14 36 ¹ 14 40 14 ’ 40 14 35 14 29 19
20 20 1 19 ¹ 20 ¹ 26 20 29 20 29 20 24 20 18 20
25 1 ‹ 24 ¹ 1 32 1 Ἰ 36 1 36 1 31 1 22 25
3ο 6 ἦ 29 1 6 38 ¹ 6 ³ 43 6 43 6 37 6 27 30
35 11 ὲ 34 Α 11 45 11 51 11 51 11 43 11 31 35
40 16 ‘ 39 5 16 51 ³ 16 58 16 58 16 49 16 36 40
45 21 43 ’ 21 58 22 5 22 5 21 55 21 40 45
50 2 48 , 3 4 3 12 3 12 3 1 2 45 50
60 12 58 ss 13 ¹ 17 13 27 13 27 13 14 12 54 60
70 23 8 , 23 ¹ 30 23 41 23 41 23 26 23 3 70
80 9 17 1 9 43 9 56 9 56 9 38 9 12 80
90 19 27 19 55 20 10 20 10 19 51 19 21 90

25 6 25

     

TABVLA

