92 ASTRONOMIAE INSTAURATAE

Anni jv. ἡ 9 {Oijj Π . Q} - ἡ Ω ηρ
H. M. H. M. Ἴ H. M. H. M. H. ¹ M. H. M.

108

                 

.Anni

 

 

 

         
         
         
            
   
        
           
  

 

 

 

 

1 5 48 5 48 5 ¹ 48 5 ³ 48 5 48 5 49 1
2 11 37 11 36 11 36 11 ᾗ 36 11 37 11 37 2 5
3 17 26 17 25 17 1 24 ; 17 ¹ 24 17 Ἰ 25 17 26 3
4 23 14 23 13 23 ἶ 12 ἢ, 23 12 23 f 13 1 23 χ 14 4
5 5 J 3 5 1 ἵ 5 0 5 0 5 l 1 5 1 3 5
6 10 50 10 49 , 10 48 ¹ 10 48 η 10 1 50 10 ¹ 52 6
7 16 2 40 16 37 16 36 16 36 , 16 38 16 40 7 ιο
8 22 ἶ 28 22 = 26 22 24 22 24 22 26 22 29 8
9 4{17 4 14 4 124 13 4 15 4:17 9
10 10¹ 5 10 2 10 0 10 1 10 3 10 6 10
11 15 ὲ 54 15 50 15 48 15 49 15 51 15 55 11
12 21 3 42 21 38 , 21 37 ’ 21 37 21 39 21 43 12 15
13 3 1 31 3 27 s 3 25 3 25 3 Ἴ 27 3 32 13
14 9 19 9 15 9 13 9 13 2 9 ¹ 16 9 20 14
15 15 8 15 3 ¹3 15 1 , 15 1 ,1 15 4 15 9 15
16 2ο 56 ¹ 20 51 ss 20 49 20 49 20 52 20 ν 58 16
17 2 45 ’ 2 40 2 37 2 37 2 40 2 ¹ 46 17 zo
18 8 33 8 28 8 1 25 8 ¹ 25 8 29 8 35 18
19 14 22 14 16 14 13 14 ’ 13 14 17 14 ¹ 24 19
2ο 2ο ‘ 10 20 4 20 1 20 1 20 5 20 ἦ 12 2ο
25 1 13 1 5 1 , 1 1 2 1 6 1 > 15 25
30 6 16 6] 6 6· 1 6 2 6 7 6 18 30 2⁵
35 11 18 11 ¹ 7 11 2 11 2 11 9 11 ι 22 35
40 16 21 16 9 16 , 2 16 1 3 16 10 16 , 25 40
45 21 Ξ 23 21 ξ 10 21 J 2 21 3 21 11 21 28 45
50 2 26 2 ξ 11 2 's 2 2 3 2 13 2 ¹ 31 50
60 12 31 12 . 13 12 3 12 , 4 12 15 12 37 60 ³0
70 21 36 22 15 22 3 22 ¹ 5 22 18 22 , 43 70
80 8 41 8 17 8 4 8 5 8 2ο 8 , 49 80
90 18 χ 47 18 19 18 4 18 6 18 23 18 55 90
100 4 52 4 22 4 5 4 7 4 26 5 2 100

 

REVOLVTIONVM

