94 ASTRONOMIAE INSTAURATAE

 

 

 

110
TABVLA SECVNDA
Anni V γ bl γ 7 7I7[ 7 777 ξφ 7 Ω 7 771& 7 Anni
H. Μ ΗΓ M. ᾗ. [M. ”HT ’ Μ. ”Η.’ M. Ἦ. = M.
4 046 047 048 0348 0'47'0'46 4
8 1 32 1 34 1 35¹1⁴35 1 34 1¹31 8 5
12 2 18 2 21 2 23 2 23 ¹ 2 3 21 2 17 12
16 3³4'3 9=3111‡3}1133}8 3 2 16
20 350 3=⁵⁶'3J⁵9=³31⁵9s3'⁵⁵ 3¹48 20
24 4 35 4 , 43 4 46 1 4 47 4 42 4 ¹ 33 24
28 5 21 5 30 5 34 5 35 5 29 5 1 19 28 ιο
32 6 73617,62236122 616 614 32
36 0}53 7³417 917'10 713 650 36
40 7}39 7517‘57758 750 7’35 40
44 8¹25¹838÷8‘45'18146 837 8,21 44
48 9211926 933 9134 924 9]7 48 15
52 9 ᾖ 57 10 1 13 10 j 20 10 ᾗ 21 10 11 9 1 52 52
56 1ορ43 1110111811191058 10 38 56
60 11'29'11147111J56=11‡57=11'451123 60
64 12 , 14 ’ 12 ¹ 34 12 43 ¹ 12 ’ 45 12 31 12 9 64
68 13 0 13 ¹ 21 13 31 13 33 13 18 12 54 68 zo
72 13 46 14 8 14 19 14 20 14 5 13 40 72
76 14132 14 56 15 7 15 8 14 52 14 25 76
80 15 ᾗ 18 15 43 15 54 15 56 15 39 15 11 80
84 16¹ 4 16 30 16 ’ 42 16 44 16 26 15 57 84
88 16 50 17 17 17 30 17 32 17 13 16 42 88 2⁵
92 17 36 18 4 18 17 18 19 18 ο 17 28 92
96 18 22 18 51 19 5 19 7 18 47 18 13 96
100 19 8 19 38 19 53 19 55 19 34 18 59 100
BISEXTILIS PRIMUS POST ΒΙὸΕΧΪἶ ⁷ Ἡ V ΣΙ)
Anni Η4 Μ, Anni Η. Μ.
1 5 49 Adde 1 5 49 Adde
2 11 37 ,¹- Adde 2 11 371 Adde
3 17 26 Adde 3 6 , 34 ¹ Subtr.
REVOLVTIONVM

