PROGYMNASMATUM PRIMA PARS 95

ln REVOLVTIONVM SOLIS

»7¹¹3
’ .Ῐ’6ῙῘῨΜ.’ϊ6ῙῚᾈ6. ’

 

11
6

43 ff

 

 

 

0 0 42 ff ο ¹ 42 , 0 ἦ ¹ 44

5 1 26 s 1 24 W 1 ¹ 24 = 1 26 ἵ 29
2 9 1 2 7 ¹ 2 7 ᾗ 2 2 9 13

2 , 51 2 j 49 = 2 ι 49 1 2 52 58

3 34 3 31 2 3 2 31 1 3 , 35 42

4 17 4 13 1 4 ¹ 13 1 4 ἐ 19 , 26

ιο 5 0 ’ 4 55 J 4 55 3 5 1 2 A ¹ 11
5 43 Ἰ 5 37 ᾖ 5 ; 37 1 5 45 J 55

6 26 ¹ 6 2ο i 6 = 20 W 6 ξ 28 1 ¹ 40

7 9 ³ 7 2 7 2 7 j 11 ρ ’ 24

7 52 7 44 7 44 1 7 1 54 1 ¹ 8

ιε 8 34 , 8 26 ’ 8 2 26 1 8 37 53
9 17 ἶ 9 9 f 9 3 9 , 9 2ο ¹ 37

10 0 9 51 ἢ 9 51 1 10 ζ 3 ’ 21

ιο 43 10 33 J 10 33 1 10 1 46 ’ ¹ 6

11 26 11 15 1 11 15 ¹ 11 1 29 ¹ 50

20 30 12 9 ⁸ 11 ἢ 57 Ἀ 11 1 57 3 12 3 12 35
14 12 52 = 12 * 40 ς 12 40 12 56 ’19

58 13 34 s 13 22 J 13 1 22 ¹ 13 ξ 39 ¹ 3

42 14 17 14 4 14 ξ 4 14 ¹ 22 48

26 15 0 st 14 ’ 46 ¹ 14 ἶ 46 ’ 15 5 32

2⁵ 10 15 43 1 15 28 15 ἶ 28 15 48 17

 

54162511611,}16}11„164311 1
3817 9716 53161531714 45

23 ¹ 17 52 ¹ 17 ι 35 ’ 17 35 17 57 30

 

 

 

 

 

ANNIS INTERMEDIIS

30 SECUNDU} POSTAESAEXT- j TERTlUS Ρο5τ BISEXT.
Anni H. 1 Μ.

Ι Anni Η. Μ.

1 5 49 1 Adde 1 , 18 11 5666.
2 12 221 1 56616 2 12 221 56616
3 6 34 1 56616 3 6 34 56616

VSUS

 

