lm ASTRONsnnLAEINSTAURATAz

         

 

   

 

 

 

 

 

 

 

 

 

      

-014
IN HORIS ET MINVTIS
&ugit-ij Off ᾼἾΨΞΞἏ Νξὲωᾱῑῐῑῑὸ Longi, Anomalia M· 1.*ερ-
Ηῖ G ῘζΜῖζὲζζ G M ἑ (Τι’ΪΜῖ , ζ ’ 7 ¹⁰⁶¹¹¹¹⁵
Min. M S T M S , Τ Μ S 1 Τ Μ Μ 1 S M S M; S 5
1 030 29 0]32 4o 0j33 531 15 4516 5317}5
21 057 115Ῑ19 1’610 32161517 2517138
3 1 31 26 1 37 59 1 39 14 33 16 46 17 58 18111
4 2 154 210 39 21219 34171618 3118;44
5 2 32123 2 4319 2 45 23 3517 4719319318 ιο
6 3 2 52 3’15,158 318 27 361818196619151
7 3 33 20 3 48 38 3 5132 3718 48 2018 2⁰}24
8 4 3749 421’18 424ῑ36 381919 2οῩ4120 57
9 43418 45358 4575413919 49 21’14 21430
10 5 446 526 37 53045 40 2019 2146223 ιε
11 535Ὶ15 559117 6 349 4120 49 2219 22 36
12 6 5143 63157 636154 42 2120 22 5123 9
13 6 36112 7 4 37 7 9 58 43 2150 23 24 23ς42
14 7ῗ6341 73716 743 34422 212357 24ἶ15
15 7ᾗ3719 8Ῐ956 816 745 22 5124 30 2448 20
16 8738 842 36 8491146 23 2125 325 21
17 8 3816 91516 9 2216 47 23 52 25 35 2554
18 9 835 9 47 55 9 55 20 48 24 22 26 8 26127
19 9 39 4 10 20 35 10 28 25 49 24 53 26 41 27, 0
20 10 9 32 10 53 15 11 1 29 50 25 24 27 13 27Ῐ34
7
48

1112555113433512554274628
29 11 58 34 12 7 38 52 26 25 28 18 28

&¹2³
-2
*0
-ᾼ
00

                

23 1 1 40 58 12 31 14 12 40 42 53 26 55 28 51 29 13
24 12 11 37 13 3 54 13 13 48 54 27 26 29 24 29 46
25 12 42 13 37 13 47 55 27 56 29 56 30 19
2( 13 12 14 9 14 20 56 28 26 30 29 30 52
21 13 43 14 42 14 53 57 28 57 31 l 31 25
28 14 13 15 15 15 26 58 29 27 31 34 31 58
29 14 44 15 47 15 59 59 29 58 32 7 32 31
30 15 14 16 20 16 32 60 30 29 32 40 33 5 ³3

     

     

 

TABVLA

