48 ASTRONOMIAE INSTAURATAE

   

AEQVALIS MOTVS LONGITVDINIS SOLIS
IN HORIS

  

IN MINVTIS

  
 

  
   

      
             

IN MENSIBVS IN DIEBVS

    

 

 

 

ANNICOMMVNIS D. GmeS· H. M. s. M. MstssplM. M.¹s.

  

1059'81228

 

   
      
  

 

 
       
   
  
   
   
         

 

Ἴ j o οἱ o 30¹1‡14

Ianuarius 1' 0 3318 2t11158317 2, 4ῐ56 1 012¹31J1 16
Februarius 128 9111 3 2'57³25 3 7*24 2 0¹ 5321ι19
Martius 2 2842 30 4 3 56 33 4 9 51 3 o 7 33121
Aprilis 3 2816 39 5 4}55¹42 51219 4 0'10 3411=24
Maius 4 284958 6 5¹54 50 61447 5 0112 35126
1un1us 528 247 7 6153 58 7’17’15 6 0¹15 3651 29
1u11us 6 28 57 26 8 7ss53 7 81934 7 017 37 131
Augustus 729 30244 9 85215 92211 8 02038 134
September 8 29 4:54 10 951ζ23 10 24 38 9 0 22 39 1 36
oezober 9 29 38121110150 32 11,27’ 610 0}25 401139
Nouember 10 29 1222 12 11 49 40 12129 34 11 0127 41 1141
December 11 29 13 1248 48 13 32 2 12 0130 42 1¹43
1413147157 14 34 3013 0'32 43¹ 1¹46

ΠΙὝΝΕΕΝΞῙΒᾊΞἿ j 15314 47 5 15 36 58 14 0¹34 44 1 48
‘jg'NffiSEfistg 16”’ 15 46 13 16 39 26 15 0 37 45 1 51
s 1716452117 415316 0 39 461.53
E-ss—---18‘17}44'30 18 44 2117 0 42 47156

Ianuarius 1 O 33 18 19 1843 38 19 46 49 18 O 44 48 1258
Februarius 1 29 8 20 20 1942 47 20 49 17 19 0 47 49 21 1
Martius 2 29 41 38 21 20 41 55 21 51 45 20 0 49 50 21 3
Aprilis 3 29 15 48 22 21 41 3 22 54 13 21 0 52 51 2: 6
Maius 429 49 623 22 4012 23 56 40 22 054 52 2 8
Iunius 5 29 23 16 24 23 39 20 24 59 8 23 o 57 53 2 11
1u¹ius 6 29 56 34 25 24 38 28 24 0 59 54 2113
Augustus 8 0 29 53 26 25 37 37 25 1 2 55 2 Ι15
September 9 O 4 3 27 26 36 45 26 l 4 56 2 18
Οόὶοῠετ 10 0 37 21 28 27 35 53 27 1 7 57 2 -20
Nouember ll Ο 11 31 29 28 35 1 28 1 9 58 2 23
December Ο 0 44 30 29 34 10 29 1 11 59 2 25
31303318 30114602428

     

IN MINVTIS

TABVLA

59

10

15

