10

15

PROGYMNASMATUM PRIMA PARS

EX AVTHORIS ACCVRATIS OBSERVATIONIBVS

 

 

 

Υ 222 Difmx.
G. M. Ρ. s ss
15 ο 5155'46J3 52
10 5 5933¹3 52
20 6 3 30 3 52
30 6 7:22 3¹52
40 6 11 ¹4:13 52
50 615 613,52
16 0 6185813ῇ52
ιο 6 22 50‘
20 6 26 4213}
30 6 30 3313}51
40 6 34 24¹3*51
50 6 38151315l
17 ο 6 42 6 3350
10 6 45 5613}50
20 6 49 46 3³50
30 6 53 ³⁶³3 50
40 6 57 263 50
50 7 11613Ὶ5Ο
18 0 7 5 ⁶³3J49
10 7 ⁸⁵⁵3 49
20 71244 3 49
30 7 16 33 349
40 7 20 2213Ὶ41Γ9
50 7 24111 ;
19 0 7 28 ο ΞῚΞΞ
10 7 3148' ¹
20 7 3536131Ξὲ
30 7 39 24¹3 48
40 7 4312 3 47
50 7 46 59 3 47
20 ο 7 5046

 

 

 

ὅ m Diff. Α.

p

16
16
16
16
16
16¹
16,
16
16
16
16
16J
16
17
17
17 Y
17 χ
17
17
17
17
17
17
17
17
17 ¹
17
17
17 ,
17
17

23
26
29
32

39
34
30
25

35 20
38* 15
41 j 9
441 2

49
52
55
58

1

4

6

9
12
15
18
20
23
26

31
34
37
40
42
45
48

’46155

48
40
3 1
22

1¹13¹
{3
152'
]41;
}3o
{¹8

5

152

38
24

12919

54
39
23

7
50
32
14

ΝΝΝΝΝΝΝΝ
8.·

ΝΝΝΝΝΝΝΝΝΝΝ
3

 

11⁸²

22
22
22

22η

22

22ἶ
221
221
221
22’
221

22
22

22]
22’

22

22’

22

22 ἶ
22

⁷¹²⁷.

gfflffiaeffiaegzaessssssoeaeeg

 

υιυὶυἱυῐ
oooxlxl

23¹

23

23=

23

23}

23
23
23
23
23
23

0

OOOOQOQss—-b—wmffl

J

40
47
53
58

3

7
10
12
14
15
15
14
13
11

ἰ9,

’ 6
2
57
51
45
38
31
22
13
3
52
41
29
16
2
47

Ξ

Dis-f. Α.

ῌΝΝω-ΙΣΟΙΩΛΦΧΙ

0

59
59
58
58
57
56
55
· 54
54
53
53
51
51
50
49
49
48
47
46
45

00000000000000000000—·—-›-⁴›-··-⁶·-⁴·-·*-··-¹'···

Diff. S.

 

M.

Ο
50
40
30
20
10

0
50
40
30
20
10

Ο
50
40
30
20
10

Ο
50
40
30
20
10

0
50
40
30
20
10

0

69

ἶ(1.

15

14

13

12

11

10

TROPICORVM

