116 ASTRONOMIAE INSTAURATAE

5. SIGNA

020

             

  

 

 

 

 

     

  

 

 

 

Dougan-0 13141ἑ Ecce? Diff. Variatio Diff.
ςεζῑῇῑιζ ἕω C a S b 1361< {amabe
G M s ⁶⁰¹⁰ ¹³ ¹³⁵¹ ' M s M s 5

 

 

    

        

   

 

        

             

      

         

0 2 33 18 97584 4200 2ο 15 30
2 28 41 97553 4210 19 38 29
l 4 37 31 10 0 37
4 40 97523 30 9 9 ¹9 1 0 37
2 2 ῗὲ 1113 4 45 97494 ²⁹ {328 ⁹ 18 23 ⁰ 38 28
3 ² 4 45 97466 28 6 8 0 38 ²⁷
331333448 27 2³ ⁹13220³22⁶ ³
6 2 4 55 4 ⁵⁰ 97413 ²⁶ 4253 8 16 28 ⁰ ³9 {i
7 2 0 2 4 55 97388 ²⁵ 4261 ⁸ 15 49 ⁰ ³⁹
4 55 24 7 0 39 ²3
8ῗὲ3ζ4583ἶέῗῖῗ23ἶὲῗὲ7330392215
1 45 8 5 ¹ 97320 ²¹ 4282 ⁷ 13 51 ⁰ ⁴⁰ 20
1 40 5 ζ Ξ 97299 {3 4288 ἓ 13 11 g ξ 19
1 35 1 97279 4294 12 31 18
1 29 55 5 ⁶ 97260 ¹⁹ 4300 ⁶ 11 51 ⁰ ⁴⁰ 17
1 24 47 5 8 97242 ¹⁸ 4306 ⁶ 11 10 ⁰ ⁴¹ 16 20
1 19 38 5 9 97225 ¹⁷ 4311 5 10 29 ⁰ ⁴¹ 15
1 14 27 5 ¹¹ 97209 ¹⁶ 4316 5 9 48 ⁰ ⁴¹ 14
1 9 14 5 ¹3 97194 ¹⁵ 4320 4 9 7 ⁰ ⁴¹ 13
1 3 59 5 ¹⁵ 97180 ¹4 4324 4 8 26 ⁰ ⁴¹ 12
0 58 43 5 ¹⁶ 97167 ¹3 4328 4 7 44 ⁰ 4² 11 25
- 5 16 12 4 0 42
0 53 27 5 17 97155 ll 4332 3 7 2 Ο 42 10
0 48 10 5 ¹8 97144 10 4335 3 6 20 ο 42 9
0 42 52 5 19 97134 8 4338 2 5 38 0 42 8
0 37 33 5 20 97126 6 4340 2 4 56 0 42 7
0 32 13 5 21 97120 5 4342 2 4 14 0 42 5 ω
0 26 52 5 22 97115 4 4344 l 3 32 Ο 42 5
0 21 30 5 22 971 1 1 3 4345 l 2 50 ο 42 4
0 16 8 5 22 97108 3 4346 1 2 8 ο 42 3
0 10 46 5 23 97105 3 4347 l 1 26 ο 43 2
0 5 23 5 23 97102 2 4348 Ο 0 43 0 43 1 55
0 0 0 97100 4348 0 0 0

    

1 --- -

