56

EX HIS NEOTERICIS TABVLIS SVPPVTATA

Iulius

P. ¹ 1 ’

18 37
19134
2ο 32
21 129
22125
23 ’23
2420
25117
2515
27 112
281 9
5
4
1
158
,55
153
250

 

45

40
37
35
32
30
27
25
22
20
17

ΞοοοκισκὩι-ιιωωμμοῶιὸ)

..a
,-.

Κ

.-.
x.)

—a·-·.-.-.—-
§om-840⁴*

481

42

144
53

2
12
123
y'34
⁴46
159
ᾗ 12
= 26
41
157
13
29
145
1 5
125
145

8
31
55
19
45
12
40
10
41
13
45
20

55

 

ASTRONOMIAE INSTAURATAE

 

 

 

 

 

 

 

 

 

 

Augustus September Ocstober Nouember December

G? s Tff'ss ἶ». ὴ- 12. p, , mes
18J15³311815 417 46 5218 51115 1920157 1
191381913 351845 2919 51354 20 2213 2
20 10 48 2031211 19 45 820 52 34 21123 29 3
213830 21 10 48 2045 49 21 5315 22124 45 4
2215113 2219ἶ27 21145133 22 54 0 23125 3 5
23 358 23J8j822 4519 23 54 47 24 27 20 6
2411344 24 552 23145ι724 55 35 25 28 38 7
2415913125 538 24144157 25 55 25 25 29155 8
25157119 251425 25 44149 2515717 27 31 14 9
26155j827 3 15 2644 43 275810 28 32 33 10
27152158 2812 527144 40 28159 429 33 52 11
281501512910159 2814440 29 59 59 z 3512 12
29148147 2959 55 29144 42 ,21 0155 136 32 13
”12146146 *25853 m¹44 45 2 152 2 37 52 14
144148 1157153 114450 312151 313913 15
242 50 2155155 2144 59 4 352 44034 15
340 53 3551345 9 5 453 5;4155 17
43857 415584452155555431518
5372554175453475587443519
5358553280451488829455520
73313752417454998104715 21
81312185157 84523101015114835 22
9129 34 95114 945 4411 112312 49 55 23
10 27 51 10 50 33 10 47Ι 7 12 12 32 13 51 13 24
11 25 10 11 49 55 11 47532 13 13 41 14 52 31 25
12 24 32 12 49 18 12 47;59 14 14 52 15 53 48 25
13 22 5513 48 4413 481271515 315 55 5 27
14 21 19 14 48 13 14 4857 15 17 5 17 55 21 28
15194315 474415 492917182818 5738 29
1618 816 471715 50 318194219 5845 30
17 15 35 17 50 39 20 0 11 31

Haec

67

10

15

25

