PROGYMNASMATUM PRIMA PARS 115

 

 

 

 

 

 

 

 

 

 

 

 

 

 

019
TABVLA PROSTHAPHAERESIVM LVNARIVM
4. SIGNA
Prosth.Epic. 4 Diff. Elon mio Diff, Besten. Difs Varmtto Diff
ῑῑῑῑῡ, »ῥῖψε ἕ 48 b ufm- d Adde Sum h
5 G M 8¹,M,s ce¹¹²⁰=¹¹ ¹ Α’Νι s M s
o 4 22 ἐ 20 1 2 34 98838 1 49 3765 19 35 ff 4 Ο 21 30
1 4 19 46 J* 98789 :ff 3784 34 43 29
2 4 17 7 Ν Ξ {3 98740 'j ἓξ 3803 {g 34 21 g ἐξ 28
3 4 14 ’ 24 Ι 2 1 48 98691 ,; 48 3821 ¹8 33 58 Ο 23 27
ιο 4 4 5 11 4 36 2 ι 53 98643 ,48 3839 18 33 35 Ο 24 26
5 4 8 43 η 2 58 98595 4 48 3857 47 33 11 0 25 25
6 4 5 45 s 3 3 98547 4 47 3874 447 32 46 0 25 24
7 4 2 ¹ 42 η 3 1 7 98500 47 3891 47 32 21 0 26 23
8 3 59 35 ’ 3 , 12 98453 46 3908 16 31 55 Ο 27 22
15 9 3 56 231, 3 ἰ 17 98407 46 3924 16 31 28 0 27 21
10 3 53 6} 3 ¹21 98361 45 3940 16 31 1 Ο 27 20
11 3 49 45 3 25 98316 44 3956 16 30 34 Ο 28 19
12 3 46 20Ῐ 3 ¹30 98272 444 3972 15 30 6 Ο 29 18
13 3 42 5οᾸ 3 34 98228 3 43 3987 15 29 37 Ο 29 17
20 14 3 39 ¹⁶} 3 38 98185 43 4002 ,15 29 8 0 30 16
15 3 35, 38ζ 3 43 98142 42 4017 4 14 28 38 Ο 30 15
16 3 31 551 3 47 98100 441 4031 14 28, 8 0 31 14
17 3 28 81 3 '50 98059 41 4045 14 27 37 0 31 13
18 3 24 18 3 54 98018 40 4059 14 27 6 0 32 12
2⁵ 19 3 20 244 3 ,58 97978 40 4073 13 26 34 0 32 11
20 3 16 25 4* 3 97938 39 4086 13 26 2 0 33 10
21 3 12 224 4, 7 97899 38 4099 12 25 29 0 33 9
22 3 8 15 4 10 97861 37 4111 12 24 56 0 34 8
23 3 4 5 4 ¹3 97824 437 4123 12 24 22 Ο 34 7
30 24 2 59 52 4 ζ 17 97787 36 4135 12 23 4 48 Ο 35 6
25 2 55 351 4 421 97751 35 4147 11 23 13 0 35 5
26 2 51 144 , 97716 34 4158 '11 22 38 0 35 4
27 2 46 494 Ξ {2 97682 33 4169 ll 22 3 Ο 36 3
28 2 42 21} 97649 33 4180 ‘¹0 21 27 0 36 2
³⁵ 29 2 37 51 ’ς 2 ἐξ 97616 32 4190 10 20 51 0 36 1
30 2 33 18 ᾖ 4 97584 4200 20 15 0
Adde 1 Ξυϋῐῐεῇε Ad. Sub. Subtrahc Adde Ι
7. SIGNA

15· TABVLA

