54 ASTRONOMIAE INSTAURATAE

EX HIS NEOTERICIS TABVLIS SVPPVTATA 65

    

 

 

 

 

 

 

 

 

Iulius Augustus September Od’tober Nouember December
1>s⁷ Π Ρ. ΠΡ. Ρ.Π W 1²7. ΫῘΜ, 7 Ρ. ’,Μ Dies
18 15 ¹ 33 18 29129 18 29 16 18 1121 19 6 4 19 ἐ 35 55 1
19 48442 19 27ἶ 8 19 27 49 19 0 58 20 6 43 20 37 11 2 5
20 45 ¹ 51 20 24 ¹ 48 20 26 25 20 0 38 21 7 24 21 ¹38 27 3
21 43} l 21 22130 21 25 2 21 0 20 22 8 7 22 39 44 4
22 40112 22 20114 22 23 41 22 Ο 5 23 8 52 23 41 1 5
23 37Ῐ23 23 17559 23 22 23 22 59 52 24 9 38 24 42 18 6
24 34 1 35 24 15 Ῑ 45 24 21 7 23 59 ’ 41 25 10 25 25 43 36 7 ιο
25 ,31 148 25 13 Ξ 32 25 19 53 24 59 33 26 11 14 26 44 54 8
26 29, l 26 11ἔ20 26 1841 25 59 26 27 12 5 27 46 13 9

27’26Ὶ15 27 9ζ10 2717 30 26 59 20 2812 58 28 47 32 10
28 23’3ο 28 712 2816 22 27 59117 291352 29 48 51 11

292046 29 4156 291516 28 59117 ,71114 47 z 5011 12 15
91821111252ῼ1413295911911544 15131 13
11519 1 051 113112 1η’59’23 21643 2 52 52 14
212137 1158 53 212112 159129 3³17 43 3 5413 15
3 956 256355 31115 259137 4Ϊ1844 455 34 16
4716 35458 41020 35947 51945 55654 17 20
5437 4ἓ5325’927 45959 62047 65813 18
61159 51517 6 836 6 012 7¹2150 7 932 19
65922 6491377487026 82254905120
75646747208’72804392401021121
854118’45319619912102571133122 25
95138 9434510 5371012411261612 45023
1049610421114571114912272613 610 24
11463511402012 42012 21613 283714 729 25
12 44 512 38 4213 34513 24314 294815 847 26
1341361337414312143121531016105275ο
14 39 8 14 35 27 15 2 41 15 3 42 16 32 12 17 11 22 28
15 36 41 15 33 51 16 2 12 16 4 15 17 33 25 18 12 39 29
16 34 15 16 32 17 17 1 46 17 4 49 18 34 39 19 13 55 30
17 315117 30 45 18 525 201511 31
EPHEMERIS

