132 ASTRONOMIAE INSTAURATAE

TABVLA PARALLAXIVM LVNARIVM

 

 

Distanna (ζΞ a Terra 1n7 partibus semidiametri Eccentrici 100000

92028 93798 95568 97337 99107

MSMS

O 66 6 64 51 63
1 66 6 64 51 63
2 66 5 64 50 63
3 66 4 64 50 63
4 66 l 64 47 63
5 65 57 64 43 63
6 65 52 64 38 63
7 65 46 64 32 63
8 65 38 64 24 63

9 65 29 64115 63]
10 65 19 64, 5 62’

11 65 8 63Ῐ54 62

12 64 55 63Ϊ41 621

13 64 41 63'28 62
14 64 26 63 14 62
15 64 10 62 57 61
16 63 53 62 40 61
17 63 35 62 22 61
18 63 15 62* 3 60
19 62 54 61 43 60
20 62 32 61 21 60
21 62 8 60 58 59
22 61 44 60 34 59
23 61 19 60 9 59
24 60 52 59 42 58
25 60 24 59 15 58
26 59 55 58 47 57
27 59 25 58 17 57
28 58 54 57 46 56
29 58 22 57 14 56
30 57 48 56 42 55

7100877 102647 104416 106186 107956

 

 

 

TABVLA

