124

OOOQOQsswN—‘O

ωΝΝΝΝΝΝΝΝΝΝῌῌΡ-*ῌῌῌ-*ῌῌῌ
ΟΦωῺΦΜᾼωΝῌΟῸΟΟκΙΦυΊ-ῥωΝ-’Φ

 

p1STrlzc>rJ<3041243 Ihffsssrfxtleszuffz

 

 

 

--·-·—-—··—··—··-—a—a—n—v-am—00000000000000000 0⁴¹3)

 

 

 

 

 

 

TABVLA PROSTHAPHAERESIVM NODORVM
ADDE
0 Ι 1 Ι 2
6 7 8
ossh. Nod. Ser. rop. Prossh. Nod. Ser. Prop. Prosth. Nod. ¹Ser. Prop.

Μ Ξ Μ’ς, dmm ssM*s G'M s Μ s

0 o 0 0 1 33 ’28 ξ15 22 1 30 32 45 2ο 30
3 50 0 1 1 35? 12 216 Ἰ18 1 28 34 46 13 29
7 39 0 4 1 36 47 117 15 1 26 30 471 5 28
11 27 o¹ 9 1 38 ’12 18 13 1 124 21 471 54 27
15} 14 0 116 1 39 31 19 11 1 122 6 48 43 26
19 1 0 01 26 1 40 42 20 10 1 ,19 45 49 31 25
22 46 0 41 1 41 45 21 9 1 217 18 50 19 24
26 29 0 56 1 142 44 22 9 1 Ἰ14 46 51 4 23
30¹ 9 11 13 1 43 38 231 1ο 1 112 9 51 47 22
33 47 11 32 1 44 29, 24 ’11 1 1 9 27 521 28 21
371 23 1 53 1 45 Ἰ 8 25 13 1 3 6 41 53 8 20
40 56 2’ 16 1 445 34 126] 16 1 1 3 49 531 46 19
44 26 2 41 1 Ἰ45 50 27' 19 1 0 51 54 23 18
47 52 ἵ 3 8 1 L45 56 28 22 o ,57 50 54 59 17
51 14=¹ 3 38 1 145 591 29 25 0 54 47 55 33 16
54 132 4} 10 1 146 o :30 28 o 51 ,42 56 6 15
57 47 4 43 1 145 53 131 30 o 148 32 56 36 14
ο, 56 5, 18 1 ῐ45 ³36 32 33 o 145 18 57 3 13
41 0 5 54 1 45 ‹131133 35 o 42 ο 57 28 12
61 59 6 32 1 44 ,41, 34 37 0 38 40 57 52 11
9 53 7 12 1 44 1 0³ 35 39 o 35 18 58 14 10
121 42 7 54 1 43 ΐιο 36 41 0 31 53 58 35 9
151 25 8 38 1 142 ,14 37 42 o 28 26 58 53 8
18 2 9 24 1 41 10 38 43 0 24 57 59 9 7
2ο, 33 10 13 1 39 59 39 43 ο 21 26 59 22 6
221 58 ’11 2 1 38 142 40 41 o 17 54 59 33 5
25 16 11 51 1 37 18 41 38 0 14 21 59 43 4
27 28 12 41 1 35 46 42 35 0 10 46 59 50 3
29 34 13 33 1 34 8 43 31 0 7 11 59 55 2
31 34 14 27 1 32 23 44 26 o 3 36 59 58 1
33 28 15 22 1 30 32 45 20 o 0 0 60 ο o

SV BTR Α Η Ε
TABVLA

028*

10

15

