148 ASTRONOMIAE INSTAURATAE

       

 

  

 

 

 

 

 

 

  
       
    
   
      
      

      

 
      
  
  

   
  
       
     
   

  

 
   

   

 

     
  
  
 

   

   

      
    

    
 

    
     

   
 

    

 

     
    

     

 

              

 

   

     

135
Αὲἓῖῐῗὶιὲᾒραὰ SOLIS Dplenae ino‘ Vmbrae :Varia AXssffgllgiffffi&
jSigs 'Gis M ⁴s ἶ ’Μ ’ἑ v“M s G 1 M ³ s εἰς. Gr.

0 0 1510 1610 12,48 43, 0 0 12 ο 5
o 6 15 1 0 16 1 0 12 1 48 43 ¹ 1 0 11 24

ο 12 15 1 1 16 1 12 ’ 49 43 2 1 11 18

0 18 15 1 2 16 3 12 501 43 6 ¹ 2 11 12

0 24 15 1 3 16 5 12 52 43 9 ¹ 3 11 6

1 ⁴ 0 15 1 4 16 , 8 12 541 43 3 14 4 11 ο ιο
1 6 15 1 6 16 12 12 58 43 j 19 6 10 24

1 12 15 4 8 16 , 16 13 1 1 43 = 25 9 10 18

1 18 15 = 10 16 21 13 1 5 43 1 33 12 10 12

1 24 15 , 12 16 3 25 13 1 8 43 41 15 10 6

2 0 15 15 16 1 30 13 1 12 43 ’ 49 18 10 0 15
2 6 15 18 16 36 ’ 9

2 12 15 1 21 16 ¹ 42 , 9

2 18 15 ¹ 24 16 , 48 13 J 26 44 ’ 2ο 27 9 12

2 24 15 1 26 16 54 13 1 31 44 31 ζ 3ο 9 6

3 0 17 ο 13 1 35 44 43 34 9 0 zo
3 6 17 6 13 1 41 44 55 37 8 24

3 12 17 12 13 46 45 7 40 8 18

3 18 17 17 13 50 45 19 43 8 12

3 24 17 22 13 54 45 31 46 8 6

4 ο 17 26 13 57 45 44 49 8 0 25
4 6 1 17 31 14 1 1 45 56 51 7 24

4 12 15 3 49 17 36 14 5 46 7 52 7 18

4 18 17 41 14 9 46 17 53 7 12

4 24 17 46 14 13 46 27 54 7 6

5 0 15 55 17 1 50 14 16 46 36 55 7 o su
5 6 17 54 14 19 46 44 55 6 24

5 12 17 57 14 22 46 5ο 55 6 18

5 18 17 1 58 14 22 46 55 56 6 12

5 24 17 1 59 14 23 46 58 56 6 6

6 18¹ 0 14 24 47 0 56 6 οΙ ³6

Latitudinis

