5

10

15

PROGYMNASMATUM PRIMA PARS

51

TABVLA MOTVS DIVRNI SOLIS AD SINGVLOS GRADVS

DISTANTIAE AB APOGAEO

 

 

 

13ςὲὲὲξί 0881? ¹1¹3321881282828' ¹³88? 5338281333813, θὲς-158
G. ¹ κ s ¹¹ G. o. ¹ ¹ ¹ G. '⁷ ess
0 ¹ 57 , 5 ¹ 360 30 ¹¹ 57 ¹ 21 ¹ 330 60 58 6
1 ¹¹ 57 5 359 31 ¹¹ 57 J 23 ¹ 329 61 58 8
2 ¹ 57 6 ¹ 358 32 ¹¹ 57 ¹ 24 ¹ 328 62 58 10
3 ’ 57 6 ¹¹ 357 33 ¹ 57 ff 25 327 63 58 12
4 ⁴ 57 6 ¹¹ 356 34 ¹ 57 ¹ 26 326 64 , 58 ¹ 13
5 ς 57 6 ¹¹ 355 35 57 28 325 65 58 15
6 ¹} 57 7 ¹ 354 36 , 57 29 = 324 66 58 17
7 · 57 7 353 37 ἓ 57 30 323 67 58 19
8 ¹ 57 7 ¹ 352 38 57 ¹ 31 322 68 58 21
9 ¹ 57 7 ¹ 351 39 ¹ 57 ¹ 32 321 69 ’ 58 23
10 57 8 ἶ 350 40 ¹ 57 33 320 70 ¹ 58 , 26
11 57 8 349 41 ¹ 57 35 ; 319 71 ¹ 58 28
12 57 8 ¹ 348 42 57 36 = 318 72 ¹¹ 58 ¹ 30 ¹
13 ¹ 57 9 ¹ 347 43 57 37 ¹ 317 73 ¹¹ 58 ¹
14 = 57 9 346 44 ¹ 57 39 ¹ 316 74 ¹58 ¹
15 57 10 ¹ 345 45 ¹ 57 40 ¹¹ 315 75 ¹ 58 ¹
16 57 10 ¹ 344 46 ¹ 57 , 42 ¹ 314 76 ¹¹ 58 ¹
17 57 11 χ 343 47 ¹ 57 ¹ 43 ¹ 313 77 ¹ 58 41
18 57 11 , 342 48 , 57 ¹ 45 ” 312 78 ’ 58 43
19 ¹ 57 12 341 49 ¹ 57 46 311 79 58 45
20 - 57 12 ¹ 340 50 57 ¹ 48 310 80 58 48
21 ; 57 13 ¹ 339 51 ’ 57 50 ¹ 309 81 58 , 50
22 ¹ 57 14 ¹ 338 52 ¹ 57 ’ 51 308 82 58 52
23 ¹¹ 57 15 1 337 53 57 53 307 83 58 54
24 = 57 16 ¹ 336 54 57 55 306 84 58 55
25 ¹ 57 16 ¹ 335 55 57 57 305 85 58 57
26 Ἴ 57 ¹ 17 334 56 57 59 1 304 86 58 59
27 57 18 ¹ 333 57 ¹ 58 ’ 0 303 87 59 1
28 57 19 332 58 58 2 302 88 59 3
29 57 ¹ 20 331 59 58 4 301 89 59 5
30 ¹ 57 21 330 60 58 6 300 90 59 7

sl
0

 

 

 

 

 

 

 

32 ¹
35 ”
37 ¹
39 ¹

Din. ab
Apogaeo

G.

300

¹ 299

298
297
296
295
294
293
292
291
290
289
288
287
286
285
284
283
282
281
280
279
278
277
276
275
274
273

’ 272

271
270

AD

