134 ASTRONOMIAE INSTAURATAE

122
TABVLA PARALLAXIVM LVNARIVM

52 53 7 54 ἡ 55 5-6 57 Α 58 ⁴ 59 W ἶ60 61

 

Distzintia (ae 3 Τειι3 ιιι pqrtibiis semidiametri Eccentrici 100000

92028 93798 95568 97337 99107 7100877 102647 104416 106186 107956

Μ8Μ8Μ5Μ8Μ8’Μ8Μ’”8Μ8Μ8Μ85

 

61 32 36 31 58 31
62 31 34 30158 30
63 30 31 29,57 29
64 29 29 28’56 28
65 28 26 27154 27
66 27 22 26351‘26
67 26118 25148 25
68 25¹13 24144}24
69 24] 8 23 40 23
70 231 2 22 35 22
71 22 56 21 30 21
72 20 49 20 25 20:

19 41 19 19’

18 32 18 13

17 22 17 61

16 15 15ζ59Ἰ

151 8 14152

14} 1 13¹45

12 52 12 37

11 43 11 29

10 33 10 21

9 23

8 13

7 3

5 52

4 42

3 32

2 21
1

ω
0

29 11 28
28 16 27
27 2ο 26
26 24 25
25 27 25
24 29 24
23 32 23
22 34 22
21 36 21
20 37 20
19 38 191
18 39 18
17 39 17'
16 38 16
15 36 15
14 35 14
13 34 13
12 33 12
11 31 11
10 29 10
26
24
21
18
16
13
10

ν-ἐι-Ιῦ-ΙΙ-ΰῠ-Ιῡ-ῐβ-Ιῠ-Ιμ
ῌΝω-ῥυῑῦὶκὶωιῦ
εῑᾱῑᾱεεᾶῑὲεκδὲᾱ8888

0

Ὁ

Ὀ

0
ΟῌΝωιβΜΦκΙκΙκὶωῸΌωκΙυΙ-ὔίυθ

O—mw-c—wwxi

O—Nwss-QONNIOQ
Ο--Νω-δδυὶσῖκὶῑω
Ο-’Νω-δλυὶσὶκΙα)
ΟῌΝω-ῧλυισῖκὶοο
Ο-*Νω-ῥυὶσὶἣω
Ο-’Νωιὸυἱῦῖκὶω

Ο
0

1
Ο

 

