10

15

25

 

 

 

 

 

 

 

 

 

 

 

 

PROGYMNASMATUM PRIMA PARS 55
EPHEMERIS SOLIS AD ANNVM 1573
Ianuarius Februarius Martius Aprilis Maius Iunius

Dies P. l l Ρ. s '1' RWWV , ἶΡ. P. , Ρ. ⁷
1 21116122 22 46 32 20 50 48 2123 4 20 25 38 20 4 20
2 221737 23147 8 2150 26 22 2136 212317 21 129
3 23 18151 24Ὶ47 4122 50 2 23 20 6 22 20 55 2158 38
4 24 201425148312 23 49 36 24 18 34 23118 32 22 55 46
5 25 21116 261481412414919 2517 0 2416 8 23 52 54
6 26 22127 27149 9 25148 40 2615 24 2513 43 24 50 1
7 27 2338 28149 36 26148 9 2713 46 261116 25 47 8
8 28 2448 29 50 2274735 2812 627 848 26 4415
9 29 25 57)(50 26 2846 58 2910 24 28 619 27 4122
10 xx 2715 1150748 29 46¹19 ὅ 8 40 29 3 49 28 38 29
11128112251ζ8ν45381654Π117293535
12 22938 315125 14455 2 5 6 058 436232 41
13 3 30123 4Ὶ51139 214411 3 317 15618 129 47
14 43127 5151Ῑ50 3143125 4 127 253 31 226 53
15 5 32 29 6 5157 4142136 4 5936 3 50 55 3 23 59
16 63330 75216 54143 55740 44817 4214
17 7ἷ34130 8152113 6 40 48 6 55 42 5 45 39 518 9
18 8¹3⁵:29 915218 7 39 51 7 53 43 6 430 61515
19 9J3612610 52 20 838 52 8 5142 7 40 20 712 21
20 1037 21115220 9¹375194940 837 39 8 926
21 11 3815 12 §2118 10 36 49 10 47 36 934 56 9 632
22 1239713352141135 451145 3210 321210 3 38
23 131395814 5219 12134 3912 43 271129 2811 0 44
24 1414οξ48 1515212 13 333113 412012 26 431157 51
25 151411371615115214 32 2114 391213 23 5712 54 57
26 16 42 2517151391531 715 37 114 211213 52 4
27 17Ῑ43ῐ111851241629 5116 34 491518 2514 4911
28 1814315519 51 717 28 3317 32 341615 3815 4619
29 194437 18 27 13 18 30 17 17 12 50 16 43 27
3ο 2045117 19 25 58 19 27 58 18 10 1 17 40 35
31 21 4555 20 24 36 19 7 11

EX

