PROGYMNASMATUM PRIMA PARS 133

121
TABVLA PARALLAXIVM LVNARIVM

52 ¹ 53 54 55 56 7 57 58 59 60 61

 

 

Distantia ((ae a Terra in partibus semidiametri Eccentrici lOOOOO
92028 93798 95568 97337 99107 100877”10.ὲ647 104416 106186 107956
5 ΜεΜΞῙΜ5’Μ’ἔῖ’”Μξ’1κῖ5ΐΜέ’λῗέΜΞΜΞ

31 57ι 13 56 9 55 16 54 4 53 6 52 lO 51 16 50 24 49 35 48 43
24 54 32 53 30 52 33 51 37 50 44 49 52 49 7 48 13
58 53 57 52 55 51 59 51 4 50 10 49 19 48 34 47 42
21 53 21 52 20 51 24 50 30 49 35 48 46 48 0 47 10

 

 

 

 

  
     
    

5 43 52 43 51 44 50 48 49 55 48 59 48 12 47 25 46 37
53 4 52 4 51 7 50 11 49 18 48 22 47 37 46 49 46 2
37 5324 52 24 51 24 50 29 49 33 48 41 47 46 47 l 46 14 45 27
38 52142 51 43 50 44 49 49 48 54 48 3 47 9 46 24 45 38 44 51
39 52 0 51 l 50 3 49 8 48 15 47 24 46 31 45 46 45 Ο 44 15
40 51 17 50 18 49 21 48 27 47 35 46 44 45 53 45 8 44 22 43 38
32 49 34 48 38 47 45 46 53 46 3 45 14 44 28 43 43 43 O
46 48 49 47 54 47 2 46 10 45 21 44 34 43 47 43 4 42 21
43 48 59 48 3 47 9 46 18 45 27 44 38 43 52 43 6 42 24 41 41

11 47 16 46 23 45 23 44 43 43 54 43 8 42 24 41 43 41 0

 

15

 

29 45 36 44 46 43 58 43 12 42 23 41 41 41 0 40 19
41 44 48 43 59 43 12 42 28 41 44 40 58 40 18 39 37
52 44 0 43 11 42 25 41 43 40 58 40 14 39 35 38 54
l 43 11 42 23 41 38 40 57 40 11 39 29 38 50 38 Ο
10 42 21 41 34 40 50 40 9 39 24 38 44 38 5 37 26
‘18 41 30 40 44 40 1 39 20 38 37 37 58 37 19 36 41
26 40 39 39 54 39 11 38 30 37 49 37 11 36 32 35 55
33 39 47 39 3 38 20 37 40 37 O 36 23 35 45 35 9
38 11 37 28 36 49 36 10 35 34 34 57 34 22
43 38 0 37 18 36 37 35 58 35 20 34 44 34 9 33 34
47 37 5 36 24 35 45 35 7 34 29 33 54 33 20 32 46
50 36 10 35 30 34 52 34 15 33 38 33 4 32 30 31 57
52 35 14 34 35 33 57 33 23 32 47 32 13 31 40 31 8
54 34 17 33 39 33 2 32 29 31 55 31 21 30 49 30 18
56 33 19 32 43 32 7 31 34 31 1 30 28 29 57 29 27
58 32 21 31 46 31 11 30 38 30 6 29 35 29 5 28 35

TABVLA

Vzssssffaeaeoeoeaexx-aessffioe
aefflaefflssfflaesszessssssssass
ὃ ⁴
x

 

