114

SOOONIOQss-WNfflO

ΞῐὸΝΝΝΝΝΝΝΝῘῸῌῌ-*ν-ῌῌ-ι-ιῌ
oeQomsswm—Qooeqowsswoeffl

Prosth. Epic. ’1 Diff.

⁷ Subtrahe ζῂᾼιωξΠ
G M s ¹ M s
4 58 1 20 ; Ο 6
4 58 J 26 Ο l
4 58 27 Ο 5
4 , 58 ¹ 22 O 8
4 58 14 0 15
4 57 , 59 O 2 22
4 57 ’ 37 0 ι 27
4 {571109 O ¹32
4 56 38 O 1 37
4 ’56 1 ’ 0 {43
4 g 55 y 18 0 ,¹ 48
4 54 , 30 ¹ Ο ¹ 54
4 53 Ἴ 36 O ¹ 59
4 52 37 l 4
4 51 33 l 10
4 50 23 l 16
4 49 7 l }21
4 ἵ 47 46 Ἃ 1 25
4 46 21 l 31
4 44 50 l 37
4 43 13 l 42
4 41 31 l ’ 48
4 39 43 l 52
4 37 ¹ 51 l 57
4 35 54 2 3
4 33 51 2 9
4 31 42 7 13
4 29 20 ς 18
4 27 11 3 23
4 24 48 ζ 28
4 22 20 ⁴‘

ASTRONOMIAE INSTAURATAE

TABVLA PROSTHAPHAERESIVM LVNARIVM

Adde

Adde

 

 

 

 

3. SIGNA
E1ongati0 D ff Eccen- 13¹ff'2 318ῗέῗῖἰέ 97¹3}ss
c 2⁸0 Sub ἵζω Ad Md? 9ψῖὶῖὴί
Μ S M S
100378 51 3075 27 40 30 0 ³ l 30
100327 51 3102 26 40 29 O , l 29
100276 51 3128 26 40 28 Ο ae 1 28
100225 51 3154 26 40 27 Ο 2 27
100174 ’ 51 3180 26 40 25 0 4 26
100123 51 3206 25 40 21 0 4 25
100072 51 3231 25 40 17 0 5 24
100021 52 3256 25 40 12 0 6 23
99969 52 3281 1 25 40 6 0 6 22
99917 52 3306 ¹ 25 40 O Ο 7 21
99865 52 3331 ἵ 24 39 53 0 8 20
99813 52 3355 24 39 45 0 8 19
99761 52 3379 24 39 37 0 9 18
99709 52 3403 23 39 28 ο lo 17
99657 , 3426 39 18 16
99605 ἐξ 3449 ἐξ 39 7 g g 15
99553 3472 38 55 14
99501 ’ 52 3495 23 38 43 Ο 12 13
99449 52 3518 23 38 30 o ¹3 12
99397 52 3540 22 38 17 0 13 11
99345 ⁵55} 3562 ἐξ 38 3 g ἐξ 10
99293 3584 37 48 9
99242 ἓξ 3605 ἐξ 37 33 g :g 8
99191 51 3626 2¹ 37 17 O 17 7
99140 5¹ 3647 20 37 Ο Ο 18 6
99089 51 3667 20 36 42 0 ¹8 5
99038 51 3687 20 36 24 0 19 4
-98987 3707 36 5 3
98937 ἐξ 3727 ῗὲ 35 45 g {g 2
98887 3746 35 25 1
98838 49 3765 ¹9 35 4 O 21 0
Ad. Sub. Sub. Add

TABVLA

018

1⁰

15

